Lags: 1
RMSE: 0.9160895419812929
R^2: 0.5767633607050089

Lags: 2
RMSE: 2.2589247052501156
R^2: -1.5734214528103814

Lags: 3
RMSE: 2.3278787916418473
R^2: -1.7329276460120338

Lags: 5
RMSE: 2.41186263587669
R^2: -1.9336786871651972

